0.14069,0.32217,0.29323,0.24391
0.13963,0.21663,0.37377,0.26998
0.19781,0.2626,0.30488,0.23471
0.15781,0.26578,0.35132,0.22509
0.19478,0.2808,0.26945,0.25497
0.23494,0.17119,0.21946,0.37441
0.2041,0.27045,0.29765,0.22781
0.14536,0.35613,0.28792,0.21059
0.29465,0.24687,0.24183,0.21666
0.17396,0.3021,0.23513,0.28881
0.34637,0.2153,0.19917,0.23915
0.20951,0.18083,0.3481,0.26157
0.28974,0.23264,0.26029,0.21733
0.1962,0.32009,0.28168,0.20203
0.27427,0.18266,0.29734,0.24573
0.16817,0.2349,0.30966,0.28728
0.21522,0.24027,0.3478,0.19671
0.16054,0.24718,0.32225,0.27003
0.1587,0.22673,0.39222,0.22236
0.23203,0.23152,0.32831,0.20813
0.12146,0.21759,0.39792,0.26303
0.2055,0.2568,0.29652,0.24118
0.29875,0.18991,0.24658,0.26476
0.27937,0.15901,0.23047,0.33114
0.29705,0.17948,0.22343,0.30004
0.14569,0.24799,0.36684,0.23949
0.17523,0.15457,0.27384,0.39636
0.15199,0.33703,0.28827,0.22271
0.20827,0.24403,0.25281,0.29489
0.20723,0.22584,0.30047,0.26646
0.19545,0.20124,0.3159,0.28741
0.11645,0.36907,0.36877,0.1457
0.15992,0.27876,0.25822,0.30311
0.20941,0.26032,0.34833,0.18194
0.24213,0.18162,0.19012,0.38613
0.26808,0.17678,0.31913,0.23602
0.17262,0.30519,0.26733,0.25486
0.20277,0.22987,0.3046,0.26275
0.18928,0.30072,0.24112,0.26889
0.2151,0.21385,0.38499,0.18605
0.15906,0.19113,0.17596,0.47385
0.16276,0.18991,0.39384,0.25349
0.1637,0.30595,0.30781,0.22255
0.16207,0.19245,0.38002,0.26547
0.13022,0.23034,0.30829,0.33115
0.17718,0.22169,0.3279,0.27323
0.26591,0.21101,0.28779,0.23529
0.22392,0.22736,0.22635,0.32237
0.14009,0.20184,0.33065,0.32743
0.27894,0.33136,0.26341,0.12629
0.23282,0.21273,0.31254,0.2419
0.20666,0.24521,0.30528,0.24284
0.12827,0.16927,0.3574,0.34505
0.13371,0.17952,0.42802,0.25875
0.14594,0.187,0.34746,0.3196
0.16847,0.2713,0.32883,0.2314
0.19151,0.26223,0.28595,0.2603
0.21433,0.35661,0.30723,0.12183
0.17163,0.26241,0.21012,0.35584
0.20071,0.32994,0.15671,0.31264
0.24743,0.20782,0.31993,0.22483
0.20335,0.27523,0.28967,0.23175
0.22071,0.21594,0.33473,0.22862
0.1813,0.29049,0.25143,0.27678
0.14156,0.23547,0.35373,0.26924
0.19526,0.2727,0.23399,0.29806
0.14504,0.27285,0.29184,0.29027
0.19164,0.26696,0.29978,0.24162
0.18397,0.29093,0.28357,0.24153
0.20729,0.20952,0.29292,0.29027
0.18484,0.33324,0.2723,0.20962
0.25646,0.25031,0.27738,0.21585
0.22191,0.31245,0.30207,0.16356
0.21254,0.16835,0.35995,0.25917
0.21618,0.095565,0.39185,0.2964
0.20287,0.27959,0.26566,0.25189
0.19643,0.22467,0.26529,0.31361
0.18686,0.25973,0.26508,0.28833
0.1557,0.19724,0.23275,0.41432
0.21041,0.21345,0.34919,0.22694
0.19087,0.27448,0.26699,0.26766
0.22752,0.19783,0.24946,0.32519
0.13725,0.33925,0.2549,0.2686
0.088318,0.38415,0.21092,0.31662
0.19371,0.22229,0.31987,0.26413
0.24195,0.18334,0.38969,0.18503
0.20542,0.25769,0.32598,0.2109
0.27501,0.26778,0.27164,0.18556
0.19346,0.32645,0.28275,0.19733
0.22026,0.21932,0.27968,0.28074
0.25118,0.2566,0.27069,0.22152
0.22529,0.26849,0.28423,0.22199
0.22766,0.29411,0.26284,0.21539
0.23875,0.2812,0.2776,0.20246
0.1774,0.20453,0.35446,0.26361
0.17679,0.23988,0.30632,0.27702
0.17703,0.23333,0.3156,0.27403
0.1941,0.23244,0.30482,0.26865
0.19383,0.22253,0.32319,0.26044
0.2105,0.22088,0.34929,0.21934
0.20579,0.21819,0.33956,0.23645
0.2121,0.29594,0.38579,0.10617
0.20005,0.18056,0.43143,0.18796
0.23044,0.12428,0.25067,0.39462
0.25339,0.15249,0.27122,0.3229
0.19166,0.26731,0.32827,0.21276
0.22377,0.32544,0.20924,0.24155
0.23686,0.33579,0.23097,0.19638
0.18584,0.23662,0.32644,0.25111
0.17591,0.20348,0.2984,0.32221
0.24952,0.23388,0.26916,0.24743
0.11009,0.43485,0.30678,0.14828
0.26372,0.23189,0.27287,0.23152
0.11879,0.39705,0.20084,0.28332
0.32039,0.22298,0.24508,0.21155
0.22137,0.22304,0.30132,0.25427
0.27774,0.20293,0.25934,0.25999
0.20126,0.26379,0.32327,0.21169
0.1893,0.30406,0.28297,0.22368
0.22368,0.2877,0.22141,0.26721
0.21787,0.28028,0.26606,0.23579
0.28165,0.18231,0.34735,0.18869
0.21968,0.26721,0.25895,0.25415
0.28056,0.18208,0.33961,0.19775
0.2371,0.15474,0.28742,0.32074
0.23325,0.31189,0.22983,0.22504
0.23498,0.36331,0.23248,0.16923
0.23198,0.17572,0.18571,0.40658
0.20185,0.29035,0.26161,0.24619
0.19439,0.30431,0.28741,0.2139
0.2188,0.2708,0.25882,0.25158
0.14211,0.34981,0.16073,0.34735
0.12013,0.4247,0.26696,0.18821
0.17909,0.29443,0.24729,0.2792
0.15685,0.27905,0.28141,0.28269
0.23162,0.24573,0.31872,0.20393
0.24087,0.19319,0.32491,0.24103
0.21079,0.28173,0.30869,0.19878
0.23381,0.26793,0.27951,0.21875
0.27178,0.29433,0.25391,0.17998
0.3698,0.20705,0.23646,0.18669
0.31023,0.19356,0.2237,0.27251
0.23416,0.15199,0.31588,0.29797
0.18824,0.24051,0.32972,0.24153
0.26271,0.29334,0.27935,0.1646
0.19718,0.25044,0.30578,0.24659
0.17796,0.27664,0.31441,0.23098
0.22807,0.20355,0.29072,0.27766
0.22592,0.2651,0.30213,0.20685
0.20975,0.22121,0.27795,0.29109
0.27379,0.2256,0.31669,0.18392
0.16836,0.27463,0.29182,0.2652
0.19957,0.26467,0.26706,0.26869
0.21924,0.16818,0.38182,0.23077
0.14656,0.41764,0.30453,0.13127
0.16614,0.23585,0.36154,0.23648
0.13054,0.34402,0.27099,0.25445
0.18634,0.22476,0.30412,0.28478
0.17615,0.19194,0.26425,0.36766
0.1265,0.25338,0.45854,0.16158
0.21587,0.24837,0.28533,0.25043
0.19946,0.24729,0.35601,0.19723
0.17964,0.24646,0.38657,0.18734
0.26123,0.19819,0.28299,0.25759
0.21939,0.28277,0.29364,0.20421
0.18805,0.2409,0.33902,0.23204
0.20558,0.25565,0.33621,0.20255
0.23508,0.20351,0.26284,0.29856
0.18923,0.23839,0.33331,0.23906
0.15922,0.22459,0.37602,0.24017
0.16088,0.21224,0.31972,0.30716
0.1951,0.20857,0.34522,0.2511
0.21211,0.25551,0.27014,0.26224
0.19392,0.28279,0.29019,0.2331
0.23889,0.20352,0.29846,0.25913
0.20751,0.2721,0.31543,0.20496
0.18963,0.27034,0.27729,0.26273
0.2403,0.31283,0.33298,0.11389
0.24212,0.15677,0.39882,0.2023
0.20757,0.30031,0.29753,0.19459
0.21023,0.21627,0.37312,0.20038
0.17245,0.34651,0.27911,0.20194
0.18408,0.35677,0.2748,0.18435
0.20231,0.28058,0.36522,0.15189
0.24636,0.19342,0.37649,0.18373
0.20366,0.30658,0.24134,0.24843
0.2103,0.27028,0.28686,0.23257
0.21527,0.18697,0.20093,0.39683
0.21805,0.28532,0.29572,0.20092
0.21495,0.22956,0.28591,0.26958
0.20371,0.28003,0.28648,0.22978
0.24534,0.35591,0.22914,0.1696
0.21379,0.2818,0.30806,0.19635
0.26131,0.24838,0.28275,0.20756
0.15549,0.42815,0.26109,0.15528
0.2062,0.29009,0.29769,0.20601
0.17501,0.21829,0.33816,0.26854
0.20827,0.26763,0.30771,0.21639
0.17173,0.26489,0.3014,0.26199
0.20221,0.28008,0.2912,0.22651
0.25205,0.2659,0.20768,0.27438
0.19656,0.23231,0.31257,0.25856
0.16963,0.26329,0.30002,0.26706
0.18933,0.27539,0.29214,0.24315
0.15887,0.25665,0.32085,0.26363
0.1961,0.29461,0.30483,0.20446
0.17526,0.25929,0.32102,0.24443
0.17712,0.31413,0.26427,0.24448
0.14554,0.1798,0.48634,0.18833
0.18387,0.17103,0.36617,0.27893
0.25041,0.26412,0.29482,0.19065
0.2651,0.18318,0.32398,0.22774
0.24806,0.27108,0.26631,0.21455
0.19999,0.26309,0.29685,0.24006
0.21149,0.26943,0.26998,0.2491
0.20192,0.23482,0.27723,0.28603
0.12232,0.355,0.36751,0.15517
0.093164,0.2683,0.4198,0.21873
0.16014,0.22692,0.36704,0.24591
0.14034,0.36573,0.21785,0.27608
0.22696,0.21738,0.3161,0.23956
0.19228,0.26102,0.31112,0.23559
0.17632,0.28041,0.28154,0.26172
0.19897,0.28799,0.32066,0.19238
0.21043,0.22777,0.33142,0.23039
0.21249,0.25692,0.33192,0.19867
0.26943,0.30622,0.28882,0.13552
0.23727,0.30346,0.28367,0.1756
0.18156,0.18063,0.36131,0.2765
0.20672,0.17877,0.34012,0.27439
0.18737,0.2533,0.37109,0.18824
0.2682,0.17209,0.26537,0.29433
0.22585,0.23863,0.43573,0.099786
0.21131,0.26613,0.27768,0.24488
0.19864,0.21525,0.4169,0.16921
0.23986,0.25043,0.28543,0.22428
0.21153,0.23876,0.27758,0.27214
0.20781,0.25669,0.33174,0.20377
0.17957,0.28636,0.31498,0.21909
0.2424,0.24447,0.32472,0.1884
0.20021,0.22996,0.40049,0.16934
0.14967,0.27137,0.25129,0.32767
0.1359,0.31659,0.28223,0.26528
0.19138,0.1991,0.30958,0.29993
0.27804,0.20027,0.30044,0.22125
0.21808,0.35841,0.20288,0.22063
0.19164,0.093991,0.3934,0.32097
0.17972,0.35727,0.242,0.22101
0.20746,0.13759,0.34264,0.31231
0.19332,0.13972,0.32017,0.34679
0.19479,0.12592,0.45358,0.22572
0.17103,0.20938,0.32187,0.29772
0.29037,0.13486,0.23581,0.33896
0.16414,0.22842,0.27799,0.32944
0.24245,0.13384,0.26189,0.36183
0.23476,0.26545,0.23804,0.26175
0.25603,0.28031,0.2759,0.18776
0.13057,0.30172,0.25394,0.31377
0.16307,0.2461,0.25935,0.33148
0.24301,0.26827,0.29609,0.19263
0.18501,0.31404,0.2399,0.26104
0.18115,0.29244,0.31357,0.21284
0.20111,0.36471,0.18812,0.24606
0.21424,0.23789,0.24536,0.30252
0.21535,0.27068,0.25684,0.25713
0.32893,0.23237,0.27458,0.16413
0.20212,0.27909,0.27246,0.24632
0.1823,0.28112,0.29654,0.24004
0.23575,0.2585,0.23329,0.27247
0.22581,0.22045,0.27389,0.27986
0.30802,0.20928,0.27144,0.21126
0.094928,0.36983,0.29174,0.2435
0.17642,0.16408,0.37137,0.28813
0.2301,0.28834,0.23898,0.24259
0.26449,0.16032,0.29996,0.27523
0.20483,0.28747,0.29012,0.21758
0.1099,0.1926,0.4752,0.2223
0.090773,0.35514,0.37031,0.18377
0.1528,0.40147,0.25448,0.19125
0.29818,0.30602,0.18634,0.20946
0.12207,0.29119,0.25654,0.33019
0.25487,0.19853,0.23617,0.31043
0.1423,0.095107,0.41372,0.34887
0.18423,0.28638,0.41403,0.11537
0.2381,0.15444,0.39745,0.21001
0.21815,0.11228,0.31348,0.35609
0.22937,0.20224,0.25597,0.31241
0.21241,0.32999,0.27237,0.18522
0.11123,0.36476,0.3777,0.14631
0.2995,0.12303,0.35388,0.22359
0.31633,0.31835,0.22071,0.14461
0.13453,0.34317,0.33939,0.18291
0.1734,0.33628,0.19732,0.293
0.33391,0.19039,0.23636,0.23934
0.30887,0.18242,0.28897,0.21975
0.19817,0.22563,0.3176,0.25861
0.1293,0.31482,0.3037,0.25218
0.13983,0.33604,0.28361,0.24052
0.20093,0.26796,0.28505,0.24606
0.25858,0.21393,0.29489,0.2326
0.23105,0.25207,0.30372,0.21316
0.24699,0.29162,0.23988,0.22151
0.14002,0.36825,0.23043,0.26129
0.12813,0.28505,0.25474,0.33207
0.1761,0.1992,0.31345,0.31125
0.3296,0.16912,0.36955,0.13174
0.25405,0.20527,0.28268,0.25801
0.16816,0.28684,0.2911,0.25389
0.16509,0.33092,0.26033,0.24365
0.22388,0.31149,0.24469,0.21994
0.29097,0.22071,0.26196,0.22636
0.27148,0.17752,0.31003,0.24096
0.18098,0.23321,0.35572,0.23008
0.11146,0.32711,0.36334,0.19808
0.097881,0.35995,0.35849,0.18368
0.3295,0.16667,0.28205,0.22178
0.25934,0.25432,0.30573,0.18061
0.18024,0.31584,0.30204,0.20189
0.14405,0.34794,0.27559,0.23242
0.16613,0.33554,0.25269,0.24563
0.21878,0.29687,0.23938,0.24497
0.21643,0.32505,0.2525,0.20601
0.14283,0.34903,0.30061,0.20754
0.089535,0.36931,0.35774,0.18342
0.15066,0.31609,0.42789,0.10536
0.14793,0.2255,0.21343,0.41314
0.24157,0.28101,0.18929,0.28813
0.281,0.19466,0.20082,0.32352
0.11905,0.14936,0.30233,0.42927
0.14699,0.20211,0.38435,0.26655
0.21163,0.22115,0.34182,0.22539
0.23799,0.31014,0.27767,0.17421
0.30122,0.32527,0.20112,0.17239
0.21975,0.20846,0.27832,0.29347
0.24196,0.1348,0.40706,0.21618
0.22762,0.1985,0.24699,0.32688
0.12046,0.25032,0.28219,0.34703
0.23305,0.25762,0.31192,0.19741
0.28632,0.30843,0.21265,0.19259
0.11071,0.36437,0.27126,0.25367
0.24453,0.23275,0.33356,0.18917
0.17017,0.39027,0.20062,0.23895
0.17738,0.28078,0.3451,0.19674
0.10273,0.22644,0.43551,0.23533
0.28626,0.25306,0.16287,0.29782
0.16016,0.24169,0.32092,0.27723
0.2747,0.30284,0.25126,0.1712
0.31319,0.1441,0.35284,0.18987
0.2178,0.41618,0.18396,0.18206
0.18834,0.27421,0.27548,0.26197
0.18047,0.20402,0.33145,0.28406
0.20418,0.18687,0.33359,0.27536
0.22517,0.2034,0.31382,0.25761
0.23304,0.1985,0.28759,0.28088
0.23056,0.2447,0.26959,0.25516
0.21419,0.30389,0.26281,0.2191
0.19474,0.32732,0.27806,0.19989
0.16161,0.3388,0.30247,0.19713
0.14737,0.22547,0.32499,0.30217
0.17091,0.17195,0.33483,0.32232
0.25196,0.12918,0.31949,0.29937
0.24373,0.15732,0.39158,0.20736
0.26137,0.18523,0.30092,0.25249
0.22007,0.23839,0.28907,0.25248
0.1816,0.28472,0.29232,0.24136
0.17855,0.30644,0.30267,0.21234
0.22352,0.24806,0.30825,0.22017
0.26584,0.19784,0.30369,0.23263
0.23071,0.19977,0.31763,0.25189
0.12752,0.24953,0.34145,0.2815
0.088671,0.35088,0.21668,0.34377
0.11812,0.2626,0.32533,0.29394
0.14358,0.19674,0.3523,0.30738
0.1611,0.24851,0.35349,0.2369
0.18856,0.33329,0.28148,0.19668
0.26078,0.28748,0.2165,0.23524
0.2748,0.19849,0.25258,0.27413
0.21493,0.17422,0.33596,0.2749
0.15032,0.1607,0.42922,0.25976
0.14835,0.14777,0.33883,0.36505
0.2511,0.2924,0.24353,0.21297
0.16774,0.36636,0.25681,0.20909
0.15127,0.23444,0.33954,0.27475
0.13666,0.13477,0.40255,0.32601
0.165,0.15282,0.38685,0.29533
0.21292,0.20967,0.31545,0.26196
0.24599,0.29413,0.24274,0.21714
0.23431,0.3487,0.20497,0.21201
0.1357,0.42192,0.22786,0.21452
0.24681,0.13927,0.35152,0.2624
0.29498,0.14044,0.2809,0.28367
0.19042,0.21598,0.32271,0.27089
0.16347,0.30831,0.27652,0.2517
0.11199,0.33118,0.23878,0.31805
0.10235,0.39882,0.21403,0.2848
0.19372,0.40934,0.213,0.18393
0.14655,0.22362,0.33039,0.29945
0.14202,0.46449,0.20591,0.18758
0.23535,0.23406,0.38442,0.14618
0.2,0.31661,0.24137,0.24203
0.26127,0.25854,0.18955,0.29064
0.26435,0.14833,0.34961,0.23771
0.10906,0.52752,0.16466,0.19876
0.17448,0.33614,0.25751,0.23187
0.1089,0.16461,0.47562,0.25087
0.19916,0.17339,0.44393,0.18352
0.1815,0.2002,0.4584,0.1599
0.14466,0.32601,0.30748,0.22185
0.17479,0.26974,0.33634,0.21913
0.16397,0.30918,0.21401,0.31285
0.27962,0.14523,0.32558,0.24957
0.22983,0.16957,0.42085,0.17975
0.13997,0.32021,0.35533,0.18449
0.28752,0.21583,0.25369,0.24296
0.33782,0.11258,0.36541,0.18419
0.16909,0.15053,0.50069,0.17969
0.2989,0.33496,0.13348,0.23266
0.23768,0.31765,0.25093,0.19375
0.16119,0.36931,0.25811,0.21139
0.13437,0.32961,0.27826,0.25777
0.16587,0.23924,0.31141,0.28348
0.24099,0.17151,0.3302,0.2573
0.29335,0.17458,0.31968,0.21239
0.25776,0.25847,0.29594,0.18783
0.21365,0.2457,0.25686,0.28379
0.12781,0.43415,0.22472,0.21332
0.23299,0.30147,0.26187,0.20367
0.14609,0.34472,0.18597,0.32322
0.21607,0.16157,0.30594,0.31642
0.22302,0.20575,0.32269,0.24854
0.23398,0.24312,0.2951,0.22781
0.23055,0.24339,0.28034,0.24572
0.22403,0.2205,0.27946,0.27601
0.22245,0.20846,0.30323,0.26586
0.2266,0.20413,0.34005,0.22923
0.21812,0.20767,0.36488,0.20933
0.18946,0.2083,0.34009,0.26215
0.12921,0.11161,0.40774,0.35144
0.13412,0.27717,0.32846,0.26025
0.15328,0.3162,0.28052,0.25
0.18599,0.29655,0.25057,0.26689
0.24042,0.25123,0.25354,0.25481
0.28662,0.23151,0.24094,0.24093
0.28433,0.2327,0.21116,0.27181
0.22276,0.26053,0.17238,0.34433
0.2091,0.21401,0.16867,0.40822
0.34217,0.14423,0.32315,0.19044
0.16868,0.25718,0.3651,0.20904
0.18817,0.3203,0.25703,0.23451
0.21765,0.35315,0.21549,0.21371
0.24491,0.28659,0.2252,0.2433
0.19761,0.28345,0.27675,0.24218
0.11809,0.30097,0.33489,0.24605
0.087317,0.30624,0.40297,0.20347
0.11421,0.16545,0.48597,0.23437
0.23476,0.29783,0.25675,0.21066
0.12935,0.21522,0.32425,0.33118
0.14005,0.17089,0.34393,0.34514
0.1975,0.19583,0.3327,0.27397
0.23536,0.22077,0.28795,0.25592
0.21569,0.28826,0.24787,0.24818
0.17606,0.3528,0.22908,0.24205
0.17193,0.37345,0.23611,0.21851
0.21284,0.28222,0.27179,0.23315
0.25177,0.15263,0.33699,0.25861
0.17751,0.28973,0.25915,0.2736
0.28337,0.31488,0.22562,0.17612
0.27456,0.29752,0.22826,0.19966
0.13308,0.25513,0.22727,0.38452
0.12631,0.28517,0.18198,0.40654
0.25552,0.3042,0.3171,0.12318
0.35651,0.18284,0.29855,0.1621
0.1643,0.17067,0.23412,0.43091
0.32932,0.15829,0.2514,0.26099
0.30177,0.13386,0.28865,0.27572
0.16757,0.29861,0.18689,0.34693
0.20024,0.32202,0.22542,0.25232
0.19135,0.39447,0.23278,0.1814
0.24549,0.27691,0.31287,0.16473
0.2484,0.36081,0.22541,0.16539
0.21984,0.11508,0.39183,0.27325
0.14875,0.19487,0.44481,0.21157
0.12392,0.31391,0.30726,0.25492
0.1444,0.12124,0.39915,0.33521
0.29607,0.22568,0.29058,0.18767
0.20361,0.35873,0.25862,0.17904
0.17697,0.32331,0.27965,0.22007
0.21208,0.26155,0.29298,0.23339
0.25143,0.19578,0.31323,0.23956
0.24328,0.14853,0.33416,0.27403
0.18137,0.19977,0.35046,0.26839
0.13275,0.29278,0.33093,0.24353
0.12718,0.35815,0.28699,0.22768
0.16361,0.18046,0.41979,0.23615
0.17071,0.1931,0.37155,0.26464
0.17404,0.18936,0.35388,0.28273
0.195,0.24314,0.32148,0.24039
0.24763,0.31141,0.25609,0.18487
0.25058,0.21339,0.36417,0.17185
0.26123,0.25892,0.27985,0.20001
0.23254,0.26984,0.25564,0.24198
0.19962,0.30573,0.25949,0.23516
0.19141,0.27664,0.27704,0.25491
0.20897,0.21083,0.29831,0.28189
0.21835,0.16879,0.31943,0.29343
0.20374,0.18816,0.34086,0.26724
0.15551,0.23909,0.35987,0.24553
0.10215,0.34994,0.33869,0.20922
0.14284,0.23706,0.34247,0.27762
0.24651,0.19335,0.30244,0.2577
0.31542,0.19366,0.27463,0.21629
0.20949,0.38123,0.19014,0.21913
0.10352,0.11785,0.39195,0.38668
0.2737,0.1591,0.32317,0.24404
0.19527,0.26418,0.30137,0.23918
0.24169,0.12733,0.33321,0.29777
0.25282,0.12206,0.33529,0.28983
0.23395,0.22518,0.31419,0.22668
0.19184,0.29323,0.29333,0.2216
0.14815,0.29123,0.28301,0.27761
0.16635,0.24737,0.26539,0.32088
0.32435,0.20819,0.22525,0.2422
0.17714,0.11625,0.44166,0.26495
0.17435,0.25321,0.30075,0.2717
0.27922,0.39122,0.1908,0.13876
0.26084,0.28178,0.24985,0.20753
0.2475,0.2241,0.28411,0.24429
0.20796,0.19181,0.31181,0.28842
0.1621,0.18155,0.33494,0.32141
0.18444,0.24147,0.31611,0.25798
0.2597,0.31275,0.27095,0.1566
0.21681,0.35531,0.2316,0.19628
0.12051,0.322,0.31801,0.23947
0.1275,0.1513,0.44467,0.27653
0.253,0.32723,0.14492,0.27485
0.20749,0.37341,0.30005,0.11906
0.21454,0.16905,0.35717,0.25924
0.36131,0.24686,0.20506,0.18677
0.18872,0.29154,0.37114,0.14859
0.12099,0.22866,0.49464,0.15571
0.13009,0.2421,0.43144,0.19638
0.10566,0.3337,0.28568,0.27496
0.25092,0.12941,0.25149,0.36818
0.15363,0.32023,0.33145,0.19468
0.18041,0.45084,0.1978,0.17096
0.081821,0.39613,0.29262,0.22943
0.27793,0.23455,0.31779,0.16973
0.18936,0.2395,0.42094,0.1502
0.22212,0.26434,0.38614,0.1274
0.18778,0.3305,0.28376,0.19796
0.28605,0.12271,0.31375,0.27749
0.2466,0.3003,0.30195,0.15114
0.10191,0.27963,0.33159,0.28687
0.27968,0.26819,0.21914,0.23299
0.22886,0.3319,0.24145,0.19779
0.20692,0.32237,0.25471,0.21601
0.20775,0.22281,0.26891,0.30052
0.22396,0.18999,0.28592,0.30013
0.21132,0.1936,0.31608,0.279
0.14789,0.26582,0.34082,0.24548
0.15061,0.14439,0.35425,0.35075
0.12065,0.22856,0.3137,0.3371
0.15386,0.24677,0.30044,0.29893
0.18484,0.25884,0.29629,0.26003
0.18673,0.29464,0.27393,0.24471
0.1498,0.36255,0.22286,0.26479
0.20476,0.30606,0.26039,0.2288
0.21352,0.33631,0.23775,0.21243
0.22941,0.29131,0.24001,0.23927
0.23125,0.26873,0.24782,0.2522
0.21406,0.26224,0.26681,0.25689
0.17166,0.25848,0.30803,0.26183
0.12393,0.24179,0.36048,0.2738
0.11231,0.23547,0.3826,0.26962
0.17765,0.28782,0.34114,0.1934
0.23635,0.20685,0.31035,0.24646
0.19002,0.37127,0.25269,0.18602
0.25601,0.30827,0.26472,0.171
0.20523,0.27719,0.3295,0.18809
0.17607,0.34776,0.22044,0.25573
0.15074,0.34371,0.2376,0.26795
0.17555,0.31852,0.26461,0.24132
0.23712,0.29283,0.27582,0.19422
0.26874,0.23703,0.28351,0.21072
0.21947,0.20543,0.31117,0.26392
0.12975,0.23361,0.36532,0.27132
0.12747,0.20907,0.49825,0.16522
0.25941,0.27483,0.24875,0.21701
0.14004,0.41245,0.25723,0.19029
0.21182,0.27061,0.25113,0.26644
0.20507,0.38628,0.1647,0.24396
0.17351,0.28456,0.38831,0.15362
0.25863,0.15321,0.32627,0.26189
0.1886,0.29215,0.25678,0.26248
0.23011,0.13579,0.45024,0.18386
0.23867,0.13437,0.36643,0.26053
0.24791,0.17992,0.25933,0.31284
0.24261,0.25679,0.19229,0.3083
0.17847,0.42474,0.20713,0.18966
0.086061,0.29918,0.31269,0.30207
0.31221,0.2896,0.17281,0.22538
0.29376,0.16961,0.227,0.30963
0.26418,0.35933,0.1185,0.25799
0.14307,0.35982,0.35591,0.1412
0.28611,0.13861,0.33552,0.23976
0.19954,0.40312,0.1376,0.25974
0.18161,0.17542,0.28173,0.36124
0.17059,0.26413,0.27675,0.28853
0.33003,0.17372,0.21959,0.27667
0.2919,0.22391,0.24527,0.23892
0.26037,0.21176,0.27642,0.25145
0.18507,0.32076,0.23015,0.26402
0.1859,0.27779,0.26051,0.27579
0.19589,0.23742,0.30695,0.25975
0.19769,0.21459,0.34895,0.23877
0.18062,0.23522,0.36408,0.22008
0.15283,0.24141,0.34597,0.25979
0.15502,0.28654,0.28995,0.26849
0.13929,0.2985,0.30909,0.25312
0.18132,0.2931,0.30416,0.22142
0.20742,0.29411,0.28324,0.21522
0.23028,0.32074,0.26155,0.18743
0.22128,0.31836,0.24526,0.2151
0.21592,0.25629,0.27441,0.25339
0.21769,0.19972,0.31804,0.26455
0.22598,0.16005,0.36762,0.24636
0.22179,0.13673,0.40412,0.23735
0.17451,0.1462,0.4193,0.26
0.13654,0.26246,0.37896,0.22203
0.10872,0.16845,0.50652,0.21631
0.26255,0.21109,0.38764,0.13873
0.31823,0.2132,0.33896,0.12961
0.27868,0.28665,0.29962,0.13505
0.19471,0.27558,0.33206,0.19765
0.12362,0.24366,0.33987,0.29286
0.19211,0.28858,0.28302,0.23628
0.24369,0.30634,0.24201,0.20796
0.24702,0.29935,0.23718,0.21646
0.19505,0.29834,0.27194,0.23467
0.13442,0.26642,0.32969,0.26947
0.12188,0.21574,0.37631,0.28607
0.22588,0.1093,0.35768,0.30713
0.2836,0.17655,0.32484,0.21502
0.17287,0.29778,0.30546,0.22389
0.26327,0.23782,0.28512,0.21379
0.1652,0.2377,0.26049,0.33661
0.17958,0.17961,0.2843,0.35651
0.26935,0.14805,0.30733,0.27527
0.32409,0.18381,0.28224,0.20986
0.29533,0.24631,0.24636,0.212
0.21697,0.31658,0.23352,0.23293
0.16709,0.3472,0.23656,0.24915
0.19648,0.30314,0.27335,0.22703
0.30967,0.17783,0.32926,0.18324
0.34479,0.13598,0.34998,0.16925
0.11774,0.35568,0.3363,0.19029
0.15838,0.15018,0.23669,0.45475
0.30403,0.21161,0.1237,0.36066
0.16642,0.38416,0.28692,0.1625
0.16197,0.32535,0.30619,0.20649
0.24586,0.23023,0.32718,0.19673
0.27475,0.29775,0.30164,0.12586
0.26525,0.14263,0.34486,0.24726
0.13586,0.41735,0.20528,0.24151
0.26274,0.22743,0.2265,0.28333
0.2609,0.32033,0.19964,0.21913
0.19594,0.29819,0.24958,0.25629
0.20881,0.23777,0.30739,0.24603
0.23462,0.15208,0.3288,0.2845
0.21424,0.1409,0.34759,0.29727
0.17006,0.20472,0.3548,0.27043
0.17352,0.32379,0.31056,0.19214
0.2336,0.3524,0.23551,0.17849
0.29178,0.16112,0.29055,0.25655
0.19382,0.24587,0.28929,0.27103
0.14375,0.35657,0.27307,0.22661
0.16099,0.35664,0.25237,0.22999
0.22304,0.22539,0.23252,0.31905
0.18717,0.26008,0.24508,0.30767
0.13523,0.23187,0.3297,0.3032
0.15208,0.26527,0.33501,0.24765
0.20406,0.25798,0.29703,0.24094
0.24676,0.24088,0.26512,0.24725
0.2256,0.24405,0.2671,0.26325
0.1524,0.28172,0.3032,0.26267
0.1085,0.32166,0.33883,0.23101
0.15092,0.2441,0.35293,0.25204
0.29224,0.12851,0.35138,0.22786
0.26196,0.24478,0.31743,0.17584
0.18897,0.3225,0.26392,0.2246
0.15388,0.20718,0.32708,0.31186
0.13068,0.19913,0.40627,0.26392
0.26169,0.17739,0.3679,0.19301
0.23219,0.28868,0.29001,0.18913
0.30155,0.24446,0.25454,0.19944
0.21414,0.12198,0.37651,0.28736
0.26961,0.15651,0.32961,0.24427
0.1997,0.26726,0.2984,0.23464
0.15382,0.37806,0.26207,0.20606
0.30094,0.12061,0.28987,0.28858
0.28659,0.17052,0.3245,0.21839
0.14401,0.36417,0.26722,0.2246
0.23601,0.16924,0.34013,0.25461
0.12287,0.36095,0.32831,0.18787
0.1209,0.3785,0.2833,0.21729
0.20371,0.26441,0.23218,0.2997
0.3143,0.16235,0.21076,0.31259
0.33954,0.26278,0.2223,0.17537
0.26387,0.27161,0.24273,0.22178
0.28,0.23631,0.23139,0.2523
0.33643,0.20329,0.14863,0.31165
0.38048,0.2932,0.19164,0.13467
0.22516,0.13576,0.43706,0.20203
0.24213,0.19518,0.31389,0.24881
0.26848,0.12368,0.43004,0.1778
0.18176,0.13547,0.47511,0.20766
0.26499,0.26184,0.16008,0.31309
0.20319,0.31258,0.32081,0.16343
0.21987,0.3478,0.23703,0.1953
0.16185,0.27888,0.34544,0.21383
0.13872,0.15944,0.4115,0.29035
0.11286,0.1424,0.37497,0.36977
0.094366,0.3438,0.30242,0.25942
0.23844,0.12721,0.23934,0.39501
0.26888,0.24044,0.21063,0.28005
0.25256,0.27701,0.21855,0.25188
0.22236,0.30042,0.23659,0.24063
0.20438,0.28889,0.25421,0.25252
0.20192,0.28975,0.27356,0.23476
0.19305,0.24383,0.30568,0.25744
0.15778,0.2586,0.34936,0.23426
0.13007,0.31557,0.37812,0.17625
0.18569,0.2236,0.29677,0.29394
0.24857,0.24322,0.25443,0.25378
0.28496,0.22389,0.23205,0.2591
0.27503,0.25963,0.23011,0.23523
0.19667,0.33897,0.24806,0.21631
0.13035,0.31583,0.25753,0.2963
0.12633,0.2112,0.32317,0.33929
0.19763,0.14552,0.34166,0.31518
0.26991,0.13544,0.31848,0.27618
0.27128,0.20142,0.29004,0.23726
0.19982,0.31936,0.25139,0.22943
0.31312,0.19234,0.25324,0.24131
0.22993,0.26727,0.20327,0.29953
0.21854,0.13251,0.30574,0.34321
0.1518,0.19273,0.33293,0.32254
0.14391,0.26515,0.2968,0.29414
0.19637,0.26666,0.2569,0.28007
0.27517,0.21193,0.24822,0.26468
0.29477,0.18609,0.3014,0.21773
0.21867,0.20708,0.40694,0.16731
0.15491,0.16877,0.47802,0.1983
0.20725,0.12199,0.29673,0.37403
0.29824,0.16799,0.26335,0.27042
0.29026,0.25311,0.25764,0.19899
0.24887,0.28198,0.27343,0.19572
0.17474,0.23576,0.3419,0.2476
0.25976,0.16711,0.36027,0.21286
0.23275,0.27081,0.29364,0.20279
0.20453,0.33721,0.24312,0.21514
0.19236,0.32796,0.22472,0.25496
0.2054,0.25939,0.24167,0.29354
0.22406,0.17042,0.29538,0.31014
0.20804,0.14666,0.34622,0.29908
0.1685,0.18681,0.3477,0.29699
0.27523,0.31217,0.18885,0.22375
0.27961,0.30464,0.21503,0.20073
0.11074,0.41578,0.23549,0.23799
0.25625,0.18944,0.27883,0.27549
0.16546,0.24334,0.33381,0.25738
0.21108,0.3125,0.28286,0.19356
0.26795,0.3212,0.26426,0.14658
0.19496,0.29733,0.15296,0.35475
0.12421,0.31321,0.3352,0.22738
0.29605,0.26562,0.28156,0.15677
0.26345,0.3561,0.11315,0.2673
0.36104,0.11938,0.29187,0.22771
0.16883,0.16732,0.36923,0.29462
0.087714,0.35997,0.31156,0.24075
0.27027,0.32656,0.25652,0.14666
0.30694,0.37963,0.1584,0.15503
0.24815,0.26406,0.31722,0.17057
0.12036,0.23487,0.29055,0.35421
0.12351,0.15048,0.44872,0.27729
0.3745,0.19679,0.20689,0.22183
0.30316,0.22306,0.27117,0.20262
0.1611,0.22991,0.39267,0.21632
0.34194,0.11505,0.22674,0.31627
0.19045,0.28979,0.28792,0.23183
0.10824,0.36112,0.31066,0.21998
0.2042,0.19972,0.34142,0.25466
0.16012,0.2532,0.38574,0.20094
0.15822,0.28517,0.31039,0.24622
0.17091,0.33629,0.26189,0.23091
0.19167,0.37153,0.24791,0.18888
0.21169,0.30473,0.26312,0.22046
0.19041,0.19427,0.30332,0.312
0.14874,0.1437,0.3462,0.36137
0.17737,0.15966,0.37885,0.28412
